Season,Position,Position Group,School,Conference,Height (inches),Weight(lbs),Hand (inches),Arm (inches),Wingspan (inches),40-Yard Dash (seconds),Vertical (inches),Bench (reps),Broad Jump (inches),3-Cone (seconds),Shuttle (seconds),Combine Participation,ELO,FPI,Efficiencies Overall,Efficiencies Offense,Efficiencies Defense,Efficiencies SpecialTeams,CFP Appearance,National Award,Actual Draft Tier,Actual Target,Predicted Probability,Cumulative Actual Captured,Percent of Players Reviewed,Percent of Actual Tier Captured
2025,LB,LB,Utah,Big 12,134.75,231,10.067,31.482,74.5,4.68,29.53,11,123.3,7.09,4.03,0,1563,5.029,60.487,30.282,79.81,59.786,0,0,Undrafted,1,0.9993783053569462,1,0.4132231404958678,1.5151515151515151
2023,LS,Special Teams,Central Florida,AAC,76.0,240,9.625,30.375,78.375,5.06,30.0,12,114.0,7.27,4.46,1,1551,6.904,61.732,66.565,49.575,55.483,0,0,Undrafted,1,0.7495355458112822,2,0.8264462809917356,3.0303030303030303
2025,WR,Skill,San Jose St.,Mountain West,74.5,203,8.625,31.0,76.5,4.57,34.0,16,123.0,7.41,4.47,1,1477,-5.133,42.709,44.903,47.684,35.133,0,0,Undrafted,1,0.6747723909941286,3,1.2396694214876034,4.545454545454546
2024,IOL,OL,Liberty,Conference USA,75.25,322,10.25,33.25,81.125,5.5,24.0,26,96.0,8.26,4.97,1,1609,3.816,67.732,83.531,42.547,34.869,0,0,Undrafted,1,0.6636084759975271,4,1.6528925619834711,6.0606060606060606
2025,CB,Secondary,Western Michigan,MAC,73.25,190,9.0,30.75,75.5,4.43,26.41,16,124.0,6.65,4.03,1,1268,-10.952,37.661,53.267,24.968,62.263,0,0,Rounds 6-7,0,0.620614085105325,4,2.066115702479339,6.0606060606060606
2023,WR,Skill,Charlotte,Conference USA,74.0,201,9.5,31.875,77.875,4.57,35.0,17,125.0,6.89,4.32,1,1081,-17.759,17.839,41.399,10.816,49.466,0,0,Rounds 6-7,0,0.6179308771712267,4,2.479338842975207,6.0606060606060606
2025,WR,Skill,Missouri,SEC,75.0,200,9.5,32.125,78.375,4.56,31.0,17,117.0,6.84,4.03,1,1711,12.197,68.028,61.356,72.874,37.108,0,0,Undrafted,1,0.6046454756737882,5,2.8925619834710745,7.575757575757576
2023,IOL,OL,Florida,SEC,77.0,330,11.25,33.875,83.875,5.31,23.5,20,101.0,7.99,4.81,1,1581,7.555,60.994,69.396,49.078,49.533,0,0,Rounds 2-3,0,0.6025255993670782,5,3.3057851239669422,7.575757575757576
2025,IOL,OL,West Virginia,Big 12,78.5,313,10.25,32.125,79.5,5.27,30.0,33,108.0,8.19,4.69,1,1455,1.795,52.984,64.597,35.526,62.429,0,0,Rounds 2-3,0,0.6014407838423514,5,3.71900826446281,7.575757575757576
2024,LB,LB,Missouri,SEC,73.75,231,8.875,31.375,77.75,4.62,34.0,18,118.0,7.23,4.5,0,1866,15.277,78.168,79.322,67.958,47.09,0,0,Rounds 2-3,0,0.5917489239533715,5,4.132231404958678,7.575757575757576
2023,WR,Skill,Fresno St.,Mountain West,71.125,172,8.875,30.125,74.75,4.4,34.5,12,121.0,6.91,4.29,1,1766,3.726,61.671,58.399,57.283,60.117,0,0,Undrafted,1,0.5915976212255027,6,4.545454545454546,9.090909090909092
2025,WR,Skill,Pittsburgh,ACC,71.375,186,8.5,29.375,74.375,4.59,36.0,19,124.0,7.37,4.03,1,1456,3.991,55.816,49.345,57.768,56.475,0,0,Rounds 6-7,0,0.5880552555164523,6,4.958677685950414,9.090909090909092
2025,IOL,OL,Clemson,ACC,77.25,321,9.0,32.625,80.875,5.45,24.5,11,113.3,6.77,4.03,0,1807,14.768,79.193,79.078,73.333,36.319,0,0,Undrafted,1,0.586757399819317,7,5.371900826446281,10.606060606060606
2025,LB,LB,Florida,SEC,73.0,222,8.5,31.5,77.75,4.69,32.0,11,117.0,7.09,4.27,1,1767,11.901,71.717,58.466,70.419,67.15,0,0,Rounds 4-5,0,0.5823307868878702,7,5.785123966942149,10.606060606060606
2023,K,Special Teams,Georgia,SEC,72.0,194,9.125,29.625,74.375,4.58,34.0,20,121.0,7.27,4.44,0,2300,29.908,93.511,90.791,87.647,45.406,0,0,Undrafted,1,0.5787770734294174,8,6.198347107438017,12.121212121212121
2025,WR,Skill,Texas,SEC,71.0,191,9.5,30.5,76.375,4.29,27.78,11,115.1,6.65,4.03,1,2042,26.107,88.25,73.85,92.32,35.538,0,0,Round 1,0,0.5733059555575899,8,6.6115702479338845,12.121212121212121
2023,IOL,OL,Old Dominion,Sun Belt,78.25,318,10.25,33.25,81.25,5.21,31.0,20,111.0,7.57,4.69,1,1314,-10.538,30.819,27.542,38.624,55.322,0,0,Rounds 4-5,0,0.5453668556615805,8,7.024793388429752,12.121212121212121
2024,IOL,OL,Arkansas,SEC,77.25,304,9.5,32.75,77.875,5.31,29.0,26,110.0,7.57,4.47,1,1431,2.225,47.846,34.458,61.741,53.372,0,0,Undrafted,1,0.5433963125896754,9,7.43801652892562,13.636363636363635
2023,RB,Skill,USC,Pac-12,70.0,201,9.25,27.125,70.25,4.46,35.5,20,122.0,7.16,4.61,0,1745,13.164,77.414,90.693,44.38,43.862,0,0,Undrafted,1,0.534884322872311,10,7.851239669421488,15.151515151515152
2024,P,Special Teams,BYU,Big 12,76.375,235,8.875,31.25,76.375,4.63,35.5,19,123.0,7.05,4.31,0,1364,-1.805,52.478,36.286,62.31,60.603,0,0,Undrafted,1,0.532089060482007,11,8.264462809917356,16.666666666666664
2024,C,OL,Oklahoma,Big 12,76.0,314,10.0,32.5,78.75,5.42,24.5,24,95.0,7.41,4.33,1,1930,22.492,84.142,84.36,76.697,33.868,0,0,Undrafted,1,0.5297459582031572,12,8.677685950413224,18.181818181818183
2024,K,Special Teams,Arkansas,SEC,73.0,172,9.25,30.5,73.625,4.29,39.0,13,130.0,6.69,4.06,0,1431,2.225,47.846,34.458,61.741,53.372,0,0,Rounds 6-7,0,0.5198725760383511,12,9.090909090909092,18.181818181818183
2025,OT,OL,Boston College,ACC,80.125,316,10.375,33.0,81.0,5.21,24.5,22,106.0,7.71,4.7,1,1513,4.829,61.35,56.657,64.403,40.228,0,0,Rounds 2-3,0,0.505078517221572,12,9.50413223140496,18.181818181818183
2023,RB,Skill,Kentucky,SEC,72.0,217,8.625,30.625,73.625,4.55,34.5,20,122.0,6.92,4.4,0,1606,5.824,59.284,46.761,72.541,34.773,0,0,Rounds 6-7,0,0.5003304574275917,12,9.917355371900827,18.181818181818183
2025,WR,Skill,Texas Tech,Big 12,72.625,186,10.5,30.75,76.625,4.7,33.0,14,121.0,7.02,4.97,1,1607,6.204,57.272,59.502,48.684,59.274,1,0,Undrafted,1,0.49804563537171465,13,10.330578512396695,19.696969696969695
2025,WR,Skill,Virginia Tech,ACC,76.25,213,9.0,32.25,79.125,4.5,32.5,18,122.0,7.1,4.3,1,1647,8.853,70.514,55.299,74.421,59.153,0,0,Undrafted,1,0.4812748750256759,14,10.743801652892563,21.21212121212121
2024,C,OL,Duke,ACC,77.375,313,9.375,32.875,79.75,5.2,31.0,27,105.0,7.41,4.24,0,1654,8.778,68.7,63.774,63.667,60.347,0,0,Round 1,0,0.47872805517802375,14,11.15702479338843,21.21212121212121
2025,TE,Skill,LSU,SEC,77.125,251,10.0,33.25,78.75,4.28,24.5,33,110.7,6.65,4.97,0,1827,13.515,71.849,75.763,61.497,39.011,0,0,Rounds 2-3,0,0.4728842144503982,14,11.570247933884298,21.21212121212121
2023,TE,Skill,Cincinnati,AAC,78.5,248,9.5,31.5,77.375,4.69,33.5,21,115.0,7.42,4.29,1,1690,6.451,60.989,44.607,64.989,69.829,0,0,Rounds 4-5,0,0.4677206326534509,14,11.983471074380166,21.21212121212121
2023,TE,Skill,Wake Forest,ACC,75.75,247,8.75,32.125,79.375,4.7,35.5,20,115.0,7.42,4.3,1,1663,7.586,64.28,73.512,49.277,46.02,0,0,Undrafted,1,0.4628381859697035,15,12.396694214876034,22.727272727272727
2023,DL,DL,Florida,SEC,77.625,310,9.5,32.25,80.875,4.88,31.0,22,110.0,7.5,4.73,1,1581,7.555,60.994,69.396,49.078,49.533,0,0,Rounds 2-3,0,0.4607195689673689,15,12.8099173553719,22.727272727272727
2023,RB,Skill,Georgia,SEC,72.25,204,9.0,30.5,76.375,4.62,35.5,20,122.0,7.11,4.57,1,2300,29.908,93.511,90.791,87.647,45.406,0,0,Rounds 6-7,0,0.4551476621921915,15,13.223140495867769,22.727272727272727
2023,IOL,OL,Duluth/University of Minnesota,NSIC,76.0,304,9.75,32.375,78.75,5.2,29.0,20,109.0,7.77,4.75,0,1819,14.599,74.563,74.162,65.921,50.606,0,0,Undrafted,1,0.4499007747767243,16,13.636363636363635,24.242424242424242
2023,WR,Skill,Iowa St.,Big 12,73.875,203,9.375,31.375,74.875,4.53,36.0,17,116.0,6.91,4.35,1,1554,6.28,57.494,40.857,78.383,33.853,0,0,Rounds 6-7,0,0.43434159027697916,16,14.049586776859504,24.242424242424242
2024,IOL,OL,Utah,Pac-12,76.5,321,10.0,32.5,79.5,5.38,29.5,27,101.0,7.95,4.9,1,1684,10.768,65.114,50.684,74.826,48.257,0,0,Undrafted,1,0.4260638096348719,17,14.46280991735537,25.757575757575758
2024,DL,DL,Auburn,SEC,74.375,286,9.625,32.0,78.25,5.06,29.5,27,103.0,6.81,4.6,1,1585,8.916,67.536,49.076,72.965,65.063,0,0,Rounds 6-7,0,0.41989707226402584,17,14.87603305785124,25.757575757575758
2024,RB,Skill,Georgia,SEC,69.625,207,9.5,29.75,73.0,4.56,32.5,22,114.0,6.95,4.24,1,2273,24.777,87.417,88.149,74.455,48.128,1,0,Undrafted,1,0.41343904445799406,18,15.289256198347106,27.27272727272727
2023,RB,Skill,Auburn,SEC,71.625,210,9.5,32.0,76.625,4.56,32.5,20,119.0,7.23,4.68,1,1596,6.205,55.022,47.067,62.103,45.36,0,0,Rounds 2-3,0,0.41140380482664995,18,15.702479338842975,27.27272727272727
2023,IOL,OL,USC,Pac-12,78.0,310,10.0,32.125,77.75,5.22,29.0,20,105.0,7.9,4.79,1,1745,13.164,77.414,90.693,44.38,43.862,0,0,Rounds 6-7,0,0.40987842727819856,18,16.115702479338843,27.27272727272727
2025,WR,Skill,Ole Miss,SEC,71.25,196,9.125,29.375,72.5,4.37,36.5,14,119.0,6.65,4.36,1,2007,20.608,84.235,76.596,81.866,47.73,1,0,Rounds 4-5,0,0.4095627807830763,18,16.528925619834713,27.27272727272727
2025,CB,Secondary,Iowa State,Big 12,74.875,195,9.0,31.125,80.0,4.3,36.5,11,131.0,6.71,4.04,1,1675,10.15,66.812,63.385,63.427,52.51,0,0,Rounds 2-3,0,0.40902773204162124,18,16.94214876033058,27.27272727272727
2023,RB,Skill,Appalachian St.,Sun Belt,73.375,217,9.75,32.625,78.625,4.61,37.0,20,121.0,6.85,4.33,1,1593,0.411,45.95,62.053,35.887,34.024,0,0,Undrafted,1,0.4071155210073981,19,17.355371900826448,28.78787878787879
2025,WR,Skill,Tennessee,SEC,76.625,205,9.5,32.125,79.0,4.3,33.0,20,126.0,7.05,4.03,1,1915,20.786,83.706,67.16,87.119,52.677,0,0,Rounds 4-5,0,0.40599905417004567,19,17.768595041322314,28.78787878787879
2025,CB,Secondary,California,ACC,70.75,189,8.75,29.625,75.0,4.45,37.75,11,122.3,6.65,4.97,1,1529,4.302,57.687,45.477,64.264,58.117,0,0,Rounds 6-7,0,0.40504305629721793,19,18.181818181818183,28.78787878787879
2025,DL,DL,Arkansas,SEC,75.25,319,9.5,33.0,81.25,5.14,27.0,28,108.0,7.68,4.97,1,1611,8.19,65.787,60.714,66.155,45.94,0,0,Undrafted,1,0.40354281145055737,20,18.59504132231405,30.303030303030305
2023,CB,Secondary,Coastal Carolina,Sun Belt,74.0,200,9.75,32.375,78.125,4.48,37.0,13,124.0,6.83,4.3,1,1344,-6.531,40.095,54.955,32.539,40.387,0,0,Undrafted,1,0.40339538695499233,21,19.00826446280992,31.818181818181817
2023,C,OL,Minnesota,Big Ten,75.5,301,9.5,32.625,78.375,5.35,29.5,20,104.0,7.68,4.56,1,1758,11.422,72.43,66.077,73.504,40.834,0,0,Rounds 2-3,0,0.3960118335653027,21,19.421487603305785,31.818181818181817
2023,IOL,OL,Washington,Pac-12,77.75,306,10.75,34.0,81.125,5.5,28.0,20,101.0,8.34,4.97,1,1760,11.472,73.944,84.016,49.984,45.242,1,0,Undrafted,1,0.38612341842729336,22,19.834710743801654,33.33333333333333
2024,WR,Skill,Mississippi St.,SEC,70.0,181,9.125,30.625,72.75,4.43,35.5,14,124.0,7.0,4.35,1,1421,0.859,45.573,31.326,62.302,47.192,0,0,Undrafted,1,0.3795528576091671,23,20.24793388429752,34.84848484848485
2023,EDGE,DL,Florida,SEC,75.875,250,9.25,33.125,80.75,4.82,33.0,24,115.0,7.22,4.44,1,1581,7.555,60.994,69.396,49.078,49.533,0,0,Undrafted,1,0.3764080574338521,24,20.66115702479339,36.36363636363637
2025,S,Secondary,Texas,SEC,71.25,186,9.0,30.0,75.375,4.45,40.36,17,121.4,6.65,4.03,1,2042,26.107,88.25,73.85,92.32,35.538,0,0,Rounds 2-3,0,0.375389993740186,24,21.074380165289256,36.36363636363637
2023,IOL,OL,Tennessee-Chattanooga,SoCon,78.0,324,10.25,35.0,83.875,5.24,26.5,20,105.0,7.7,4.97,1,1738,11.336,69.68,68.952,64.29,44.371,0,0,Undrafted,1,0.3728653725894693,25,21.487603305785125,37.878787878787875
2025,WR,Skill,Notre Dame,FBS Independent,75.0,201,9.5,31.5,79.5,4.49,38.37,19,123.0,7.02,4.42,0,2154,25.305,88.314,78.053,88.226,42.499,0,0,Undrafted,1,0.37233375973159366,26,21.90082644628099,39.39393939393939
2024,CB,Secondary,South Dakota,MVFC,70.875,195,9.375,29.875,74.0,4.5,35.5,13,118.0,6.88,3.98,1,1729,10.639,66.998,59.904,66.911,53.148,0,0,Rounds 6-7,0,0.37223068425398975,26,22.31404958677686,39.39393939393939
2024,C,OL,Duke,ACC,75.0,308,10.0,32.375,79.0,5.09,29.5,28,108.0,7.41,4.01,1,1654,8.778,68.7,63.774,63.667,60.347,0,0,Rounds 6-7,0,0.37117307954766676,26,22.727272727272727,39.39393939393939
2023,WR,Skill,Florida,SEC,76.0,229,10.0,33.75,83.375,4.55,35.5,18,126.0,6.97,4.29,1,1581,7.555,60.994,69.396,49.078,49.533,0,0,Rounds 4-5,0,0.36932010788643044,26,23.140495867768596,39.39393939393939
2023,RB,Skill,Tulsa,AAC,71.75,216,9.25,31.25,75.0,4.41,35.5,20,124.0,6.83,4.31,1,1378,-4.107,43.074,50.493,42.491,37.352,0,0,Undrafted,1,0.36698594825981057,27,23.553719008264462,40.909090909090914
2024,CB,Secondary,Missouri,SEC,71.375,179,8.625,31.0,74.625,4.44,33.5,15,123.0,6.94,4.58,1,1866,15.277,78.168,79.322,67.958,47.09,0,0,Rounds 4-5,0,0.36691323051137437,27,23.96694214876033,40.909090909090914
2025,IOL,OL,Georgia,SEC,78.5,308,10.375,32.25,79.25,4.97,32.0,11,113.0,7.38,4.03,1,1998,22.091,82.861,79.935,73.308,59.572,1,0,Rounds 2-3,0,0.36592950252815937,27,24.380165289256198,40.909090909090914
2024,C,OL,Michigan St.,Big Ten,76.0,307,9.75,32.75,79.0,5.17,31.5,27,107.0,7.41,4.29,0,1338,-3.512,38.745,32.821,44.666,62.478,0,0,Rounds 6-7,0,0.3649037429541344,27,24.793388429752067,40.909090909090914
2024,S,Secondary,Miami,ACC,76.25,231,9.5,33.625,80.25,4.65,30.0,17,117.0,6.69,3.5,1,1580,11.169,68.436,66.666,63.176,51.762,0,0,Rounds 6-7,0,0.36324144835192107,27,25.206611570247933,40.909090909090914
2023,OT,OL,Boise St.,Mountain West,77.75,309,10.75,34.0,83.625,5.24,28.5,20,104.0,7.52,4.52,1,1712,3.797,52.954,41.976,64.425,46.27,0,0,Undrafted,1,0.36280156891858517,28,25.6198347107438,42.42424242424242
2024,RB,Skill,Louisville,ACC,69.5,193,8.5,30.125,71.0,4.56,34.5,22,121.0,6.65,4.22,1,1688,11.36,72.759,63.856,75.697,45.123,0,0,Rounds 6-7,0,0.36116307497421196,28,26.033057851239672,42.42424242424242
2025,CB,Secondary,Nebraska,Big Ten,72.5,213,9.0,32.75,79.5,4.38,30.44,11,116.6,8.12,4.97,0,1537,6.154,64.984,58.011,69.664,41.381,0,0,Undrafted,1,0.35982216418282953,29,26.446280991735538,43.93939393939394
2023,LB,LB,TCU,Big 12,71.0,227,8.625,31.625,75.0,4.49,30.5,20,117.0,7.44,4.42,1,1729,14.378,80.5,80.39,69.518,54.974,0,0,Rounds 6-7,0,0.3570734960366473,29,26.859504132231404,43.93939393939394
2025,DL,DL,Maryland,Big Ten,75.75,306,10.0,33.5,82.625,5.09,28.0,11,103.0,8.19,4.03,1,1407,-0.535,43.23,46.603,47.026,35.755,0,0,Rounds 6-7,0,0.35622504803983035,29,27.27272727272727,43.93939393939394
2025,DL,DL,Utah,Big 12,75.5,308,10.5,32.5,78.75,5.03,28.5,24,93.0,8.19,4.03,1,1563,5.029,60.487,30.282,79.81,59.786,0,0,Undrafted,1,0.35087484171364314,30,27.685950413223143,45.45454545454545
2024,CB,Secondary,Mississippi,SEC,72.0,183,8.5,30.75,73.75,4.38,34.5,15,125.0,6.94,4.55,1,1737,15.302,75.391,76.693,64.536,49.591,0,0,Rounds 4-5,0,0.35079782246503,30,28.09917355371901,45.45454545454545
2023,C,OL,Arkansas,SEC,75.0,306,9.75,33.25,79.625,5.26,32.5,20,111.0,7.52,4.43,1,1686,6.93,62.299,69.2,48.112,56.255,0,0,Rounds 4-5,0,0.34622954647337756,30,28.512396694214875,45.45454545454545
2024,RB,Skill,Clemson,ACC,71.0,206,9.625,30.25,74.125,4.51,35.0,22,122.0,6.82,4.23,0,1764,13.892,72.489,48.101,90.04,37.087,1,0,Rounds 4-5,0,0.3451243596853176,30,28.92561983471074,45.45454545454545
2025,RB,Skill,South Carolina,SEC,72.0,217,9.25,31.5,76.25,4.46,36.5,33,117.1,7.28,4.03,1,1810,14.834,76.206,60.762,80.864,51.02,0,0,Undrafted,1,0.3420037678015405,31,29.338842975206614,46.96969696969697
2024,IOL,OL,Maryland,Big Ten,76.125,308,9.875,33.0,80.625,5.01,26.5,28,112.0,7.64,4.61,1,1695,8.085,66.299,64.78,61.709,49.654,0,0,Undrafted,1,0.34027311676795424,32,29.75206611570248,48.484848484848484
2023,WR,Skill,East Carolina,AAC,73.5,224,10.25,32.0,78.5,4.56,36.0,20,125.0,6.96,4.29,0,1509,1.775,54.675,70.734,39.058,37.309,0,0,Undrafted,1,0.33893963237996405,33,30.165289256198346,50.0
2025,IOL,OL,Iowa,Big Ten,77.75,309,10.0,32.0,77.125,5.45,28.5,33,110.0,7.78,4.63,1,1774,11.144,70.238,48.063,74.759,71.573,0,0,Rounds 6-7,0,0.3363230131751207,33,30.57851239669421,50.0
2025,WR,Skill,Georgia,SEC,72.125,179,9.0,31.25,77.0,4.36,38.0,20,127.0,6.82,4.19,1,1998,22.091,82.861,79.935,73.308,59.572,1,0,Rounds 4-5,0,0.33330262654404996,33,30.991735537190085,50.0
2023,QB,Skill,UCLA,Pac-12,73.625,203,9.875,30.625,74.75,4.56,32.5,20,121.0,7.28,4.44,1,1684,8.553,65.594,81.525,44.786,34.94,0,0,Rounds 4-5,0,0.3332962408191188,33,31.40495867768595,50.0
2025,TE,Skill,Notre Dame,FBS Independent,77.375,241,9.5,32.0,77.0,4.74,31.0,33,115.0,7.25,4.4,1,2154,25.305,88.314,78.053,88.226,42.499,0,0,Rounds 6-7,0,0.3292641667750884,33,31.818181818181817,50.0
2023,RB,Skill,East Carolina,AAC,67.875,179,9.25,30.75,74.75,4.37,38.0,20,126.0,7.33,4.77,1,1509,1.775,54.675,70.734,39.058,37.309,0,0,Undrafted,1,0.32291553311685794,34,32.231404958677686,51.515151515151516
2023,WR,Skill,Cincinnati,AAC,68.625,182,8.625,28.875,70.375,4.4,37.5,14,124.0,6.92,4.29,1,1690,6.451,60.989,44.607,64.989,69.829,0,0,Rounds 4-5,0,0.3164395116693328,34,32.64462809917356,51.515151515151516
2025,CB,Secondary,Villanova,CAA,73.25,209,9.5,31.625,78.125,4.56,32.92,11,124.0,6.65,4.97,1,1715,10.737,66.313,60.06,66.447,50.291,0,0,Undrafted,1,0.3159292528378076,35,33.057851239669425,53.03030303030303
2025,TE,Skill,Utah,Big 12,74.0,236,10.5,31.5,76.75,5.45,43.0,11,113.3,8.19,4.03,0,1563,5.029,60.487,30.282,79.81,59.786,0,0,Undrafted,1,0.3147223773896952,36,33.47107438016529,54.54545454545454
2025,RB,Skill,Arizona State,Big 12,69.5,219,9.375,29.75,73.875,4.65,39.5,17,123.0,7.37,4.97,1,1801,11.793,78.233,79.692,66.688,47.348,0,0,Rounds 4-5,0,0.312751339129137,36,33.88429752066116,54.54545454545454
2023,CB,Secondary,Notre Dame,FBS Independent,72.375,202,9.0,30.875,74.75,4.62,30.5,17,118.0,7.08,4.23,1,1850,12.6,69.601,59.985,66.897,66.833,0,0,Undrafted,1,0.31013846385386223,37,34.29752066115703,56.060606060606055
2025,WR,Skill,Georgia,SEC,70.0,185,9.25,31.375,75.625,4.4,33.5,11,120.0,6.9,4.03,1,1998,22.091,82.861,79.935,73.308,59.572,1,0,Rounds 6-7,0,0.3100005855948519,37,34.710743801652896,56.060606060606055
2025,S,Secondary,Nevada,Mountain West,70.625,202,9.5,31.0,75.25,4.41,41.5,18,128.0,6.65,4.14,1,1192,-8.417,32.498,47.2,30.419,32.833,0,0,Rounds 6-7,0,0.3081100447517955,37,35.12396694214876,56.060606060606055
2025,WR,Skill,Colorado,Big 12,68.125,174,8.625,30.375,74.5,4.46,38.0,27,128.0,6.65,4.41,1,1701,12.691,74.938,72.644,69.84,45.06,0,0,Rounds 6-7,0,0.30732434940950804,37,35.53719008264463,56.060606060606055
2025,LB,LB,Indiana,Big Ten,72.625,218,9.534,31.626,79.875,4.38,35.0,11,127.0,7.24,4.03,1,1951,18.73,83.71,85.132,72.021,40.91,1,0,Undrafted,1,0.3059537810344036,38,35.9504132231405,57.57575757575758
2023,RB,Skill,Northwestern,Big Ten,70.125,209,9.25,30.625,74.375,4.47,37.0,20,123.0,6.9,4.38,1,1257,-7.588,30.34,26.742,42.636,51.301,0,0,Rounds 6-7,0,0.30569672593601505,38,36.36363636363637,57.57575757575758
2023,C,OL,Penn St.,Big Ten,75.25,301,10.25,33.25,81.75,5.22,32.0,20,102.0,7.75,4.82,1,2000,19.477,82.964,71.335,83.462,50.595,0,0,Rounds 2-3,0,0.3017272309078868,38,36.77685950413223,57.57575757575758
2025,TE,Skill,Texas,SEC,77.0,241,9.75,32.625,79.5,4.84,30.0,33,129.3,7.15,4.4,1,2042,26.107,88.25,73.85,92.32,35.538,0,0,Rounds 4-5,0,0.29956068751004583,38,37.1900826446281,57.57575757575758
2023,RB,Skill,TCU,Big 12,71.0,215,9.375,32.375,78.5,4.54,34.5,20,121.0,6.96,4.43,0,1729,14.378,80.5,80.39,69.518,54.974,0,0,Rounds 2-3,0,0.2991297445387283,38,37.60330578512397,57.57575757575758
2023,RB,Skill,Utah,Pac-12,72.375,237,9.25,31.125,76.0,4.74,30.0,20,118.0,6.84,4.32,1,1915,19.146,79.905,74.866,74.068,53.378,0,0,Undrafted,1,0.29593235094783077,39,38.01652892561984,59.09090909090909
2023,OT,OL,Florida,SEC,77.0,306,10.0,34.0,81.125,5.15,30.0,20,108.0,7.6,4.69,0,1581,7.555,60.994,69.396,49.078,49.533,0,0,Undrafted,1,0.29194359385454083,40,38.429752066115704,60.60606060606061
2025,WR,Skill,Stanford,ACC,73.75,206,10.0,32.375,78.375,4.44,38.5,33,127.0,6.7,4.31,1,1175,-5.299,38.36,36.975,39.874,65.408,0,0,Rounds 4-5,0,0.29057668035059914,40,38.84297520661157,60.60606060606061
2023,K,Special Teams,Michigan,Big Ten,73.0,209,9.5,30.875,75.875,4.58,34.0,20,121.0,7.27,4.44,0,2124,23.62,85.085,79.485,79.2,57.128,1,0,Rounds 4-5,0,0.28682551930495404,40,39.25619834710744,60.60606060606061
2025,RB,Skill,North Carolina,ACC,71.75,221,9.375,30.5,74.75,4.46,38.0,18,130.0,6.75,4.4,1,1496,2.602,50.555,55.402,46.067,47.749,0,0,Round 1,0,0.286667387319985,40,39.66942148760331,60.60606060606061
2025,CB,Secondary,UCF,Big 12,70.25,191,8.375,29.75,72.625,4.41,43.0,15,123.2,6.9,4.03,1,1557,5.283,53.294,60.369,50.721,32.002,0,0,Rounds 4-5,0,0.28649695958200605,40,40.082644628099175,60.60606060606061
2025,CB,Secondary,Ohio State,Big Ten,72.125,195,8.5,30.625,76.125,4.42,29.5,24,121.7,6.65,4.03,0,2211,24.823,87.333,80.443,83.601,49.523,1,0,Rounds 6-7,0,0.28570332607041415,40,40.49586776859504,60.60606060606061
2025,WR,Skill,TCU,Big 12,73.25,214,9.0,31.5,75.0,4.52,34.5,19,125.0,6.84,4.21,1,1700,8.023,67.255,69.28,58.063,52.483,0,0,Rounds 2-3,0,0.2827797010454328,40,40.909090909090914,60.60606060606061
2023,TE,Skill,Oklahoma,Big 12,75.5,241,9.75,33.25,79.125,4.68,32.0,20,117.0,7.3,4.36,1,1662,9.969,66.271,71.907,54.872,48.16,0,0,Rounds 6-7,0,0.28247675650644366,40,41.32231404958678,60.60606060606061
2024,RB,Skill,TCU,Big 12,67.375,202,9.75,29.875,70.75,4.61,33.5,22,116.0,6.87,4.23,1,1631,9.511,59.244,64.411,51.426,45.245,0,0,Undrafted,1,0.2824635817332197,41,41.735537190082646,62.121212121212125
2025,WR,Skill,Oregon,Big Ten,74.125,205,9.75,31.5,78.5,4.57,32.0,12,123.0,7.04,4.54,1,2040,21.125,85.854,85.403,73.779,53.859,1,0,Undrafted,1,0.2820249930473673,42,42.14876033057851,63.63636363636363
2024,TE,Skill,Colorado St.,Mountain West,75.375,241,10.25,33.625,78.125,4.78,32.5,28,122.0,6.83,4.21,1,1276,-11.774,30.563,28.491,37.664,56.051,0,0,Undrafted,1,0.28043630510525464,43,42.561983471074385,65.15151515151516
2025,TE,Skill,Iowa,Big Ten,77.75,251,10.0,32.125,78.375,5.42,35.0,11,120.0,7.18,4.47,1,1774,11.144,70.238,48.063,74.759,71.573,0,0,Rounds 6-7,0,0.2766957226557387,43,42.97520661157025,65.15151515151516
2023,WR,Skill,Purdue,Big Ten,71.375,175,9.0,31.625,74.0,4.43,36.5,13,124.0,6.91,4.29,1,1460,4.283,58.947,63.872,51.004,46.438,0,0,Rounds 4-5,0,0.2741430324508166,43,43.388429752066116,65.15151515151516
2025,DL,DL,Texas,SEC,77.625,332,10.0,34.5,85.0,4.28,26.0,11,96.0,6.65,4.97,1,2042,26.107,88.25,73.85,92.32,35.538,0,0,Rounds 2-3,0,0.2722441375620295,43,43.80165289256198,65.15151515151516
2023,LB,LB,Texas,Big 12,74.625,229,9.5,32.25,78.125,4.56,34.0,15,124.0,6.62,4.33,1,1900,19.379,79.1,73.758,70.57,66.449,1,0,Rounds 2-3,0,0.2713169817249532,43,44.214876033057855,65.15151515151516
2024,EDGE,DL,Charlotte,AAC,76.5,260,9.5,33.5,79.375,4.65,34.5,23,121.0,7.17,4.36,0,1055,-14.993,22.913,17.6,42.495,39.432,0,0,Undrafted,1,0.27055221379234806,44,44.62809917355372,66.66666666666666
2023,EDGE,DL,Louisiana,Sun Belt,76.5,248,10.0,34.25,81.25,4.67,29.0,23,116.0,7.35,4.44,1,1556,-2.136,45.745,34.883,52.541,66.931,0,0,Rounds 6-7,0,0.2660612236520008,44,45.04132231404959,66.66666666666666
2025,RB,Skill,Georgia,SEC,68.75,198,9.5,29.25,70.5,4.42,35.0,15,124.0,6.65,4.03,1,1998,22.091,82.861,79.935,73.308,59.572,1,0,Rounds 4-5,0,0.2658040368888529,44,45.45454545454545,66.66666666666666
2025,LB,LB,California,ACC,73.875,233,9.375,31.375,75.375,4.6,40.0,26,125.0,7.28,4.03,1,1529,4.302,57.687,45.477,64.264,58.117,0,0,Rounds 4-5,0,0.2648036565366537,44,45.867768595041326,66.66666666666666
2023,OT,OL,Kansas,Big 12,77.75,309,9.5,34.125,80.75,5.05,31.0,20,111.0,7.6,4.69,1,1373,3.37,60.21,82.028,38.063,37.048,0,0,Undrafted,1,0.2645442606463483,45,46.28099173553719,68.18181818181817
2024,CB,Secondary,Tennessee,SEC,73.0,196,8.5,30.875,74.125,4.49,38.0,15,126.0,6.94,4.25,0,1877,14.091,72.034,66.494,68.45,54.522,1,0,Rounds 6-7,0,0.26311724342170595,45,46.69421487603306,68.18181818181817
2023,LB,LB,Pittsburgh,ACC,72.5,226,10.625,32.875,78.875,4.56,33.0,19,119.0,7.35,4.4,1,1687,7.918,61.732,46.268,72.6,50.534,0,0,Rounds 4-5,0,0.26077060763399673,45,47.107438016528924,68.18181818181817
2025,WR,Skill,Iowa State,Big 12,76.125,214,9.125,33.125,80.0,4.47,39.0,11,128.0,7.75,4.03,1,1675,10.15,66.812,63.385,63.427,52.51,0,0,Rounds 2-3,0,0.25744087351093803,45,47.5206611570248,68.18181818181817
2024,K,Special Teams,Alabama,SEC,72.875,187,8.5,31.0,73.625,4.39,38.0,15,127.0,6.81,4.14,0,2032,24.925,84.968,76.211,80.844,61.941,0,0,Rounds 6-7,0,0.256334327636101,45,47.93388429752066,68.18181818181817
2025,RB,Skill,Oregon,Big Ten,69.5,205,9.5,29.625,73.75,4.55,37.18,33,115.6,7.03,4.03,1,2040,21.125,85.854,85.403,73.779,53.859,1,0,Rounds 4-5,0,0.25460090309987193,45,48.34710743801653,68.18181818181817
2025,WR,Skill,Minnesota,Big Ten,70.75,193,9.0,30.625,74.75,4.76,37.82,12,130.0,6.78,4.07,1,1674,9.315,68.599,55.808,75.809,45.723,0,0,Rounds 6-7,0,0.25271412752031264,45,48.760330578512395,68.18181818181817
2023,IOL,OL,UCLA,Pac-12,76.0,303,10.125,33.625,81.25,5.01,32.5,20,114.0,7.31,4.45,1,1684,8.553,65.594,81.525,44.786,34.94,0,0,Rounds 4-5,0,0.2503531843924598,45,49.17355371900827,68.18181818181817
2024,IOL,OL,Texas A&M,SEC,75.5,302,10.5,34.625,81.5,5.13,26.5,27,111.0,7.67,4.58,1,1772,15.36,75.057,65.814,76.34,50.751,0,0,Rounds 4-5,0,0.24982928186870124,45,49.586776859504134,68.18181818181817
2023,EDGE,DL,North Carolina,ACC,76.0,238,8.625,32.625,78.875,4.61,34.5,22,123.0,7.22,4.45,1,1559,6.195,60.099,78.452,30.968,61.95,0,0,Undrafted,1,0.2495253710198957,46,50.0,69.6969696969697
2023,OT,OL,North Carolina,ACC,76.0,309,10.0,34.0,82.75,5.15,29.5,20,108.0,7.6,4.69,0,1559,6.195,60.099,78.452,30.968,61.95,0,0,Rounds 6-7,0,0.24802976043606673,46,50.413223140495866,69.6969696969697
2023,WR,Skill,Maryland,Big Ten,71.25,201,8.625,31.625,76.75,4.42,33.0,20,127.0,7.01,4.47,1,1645,7.842,61.934,61.039,57.849,51.968,0,0,Undrafted,1,0.2455695180681321,47,50.82644628099173,71.21212121212122
2023,WR,Skill,Penn St.,Big Ten,70.0,204,10.125,29.0,72.0,4.52,35.5,16,123.0,6.94,4.29,1,2000,19.477,82.964,71.335,83.462,50.595,0,0,Rounds 6-7,0,0.24226644251982044,47,51.2396694214876,71.21212121212122
2025,DL,DL,Ohio State,Big Ten,74.875,299,10.125,32.25,78.625,4.28,24.5,33,93.0,8.19,4.97,0,2211,24.823,87.333,80.443,83.601,49.523,1,0,Rounds 4-5,0,0.24115228863703153,47,51.652892561983464,71.21212121212122
2025,DL,DL,Nebraska,Big Ten,77.125,288,10.0,32.25,79.0,4.83,33.5,28,119.0,7.58,4.5,1,1537,6.154,64.984,58.011,69.664,41.381,0,0,Rounds 4-5,0,0.2383405390968073,47,52.066115702479344,71.21212121212122
2024,DL,DL,Miami,ACC,75.5,303,9.0,33.875,80.625,5.12,30.0,27,109.0,7.81,4.75,1,1580,11.169,68.436,66.666,63.176,51.762,0,0,Undrafted,1,0.23786806269596406,48,52.47933884297521,72.72727272727273
2024,S,Secondary,Ohio St.,Big Ten,73.5,199,8.75,32.0,78.0,4.55,32.5,13,121.0,7.03,5.07,1,2065,27.485,89.569,83.397,86.658,44.2,1,0,Undrafted,1,0.2375345424381189,49,52.892561983471076,74.24242424242425
2023,EDGE,DL,San Jose St.,Mountain West,76.0,276,9.0,33.0,77.375,4.74,34.0,24,118.0,7.5,4.52,1,1444,-5.871,37.879,45.968,41.711,27.738,0,0,Rounds 4-5,0,0.2371844885059975,49,53.30578512396694,74.24242424242425
2023,WR,Skill,North Carolina,ACC,69.0,179,9.25,30.375,73.375,4.48,38.5,13,131.0,6.91,4.29,1,1559,6.195,60.099,78.452,30.968,61.95,0,0,Rounds 2-3,0,0.23715346094081513,49,53.71900826446281,74.24242424242425
2023,CB,Secondary,Georgia,SEC,73.75,207,8.5,31.25,74.125,4.36,33.5,15,122.0,6.89,4.3,1,2300,29.908,93.511,90.791,87.647,45.406,0,0,Rounds 4-5,0,0.2347463193487177,49,54.132231404958674,74.24242424242425
2023,EDGE,DL,Appalachian St.,Sun Belt,74.25,236,9.5,33.625,80.625,4.58,35.5,23,120.0,7.07,4.45,1,1593,0.411,45.95,62.053,35.887,34.024,0,0,Rounds 6-7,0,0.2346315395576194,49,54.54545454545454,74.24242424242425
2025,TE,Skill,Alabama,SEC,75.0,274,9.625,31.25,78.25,4.91,34.0,26,119.0,7.34,4.45,1,1986,23.933,85.057,77.281,79.955,59.628,1,0,Rounds 6-7,0,0.23357228796660578,49,54.958677685950406,74.24242424242425
2023,IOL,OL,Clemson,ACC,74.25,303,9.5,34.0,81.0,4.99,28.5,20,108.0,7.7,4.81,1,1843,17.553,74.958,64.744,77.07,48.641,0,0,Rounds 4-5,0,0.2330087282819262,49,55.371900826446286,74.24242424242425
2025,EDGE,DL,Ole Miss,SEC,77.875,274,9.125,33.5,82.75,5.45,24.5,30,138.0,8.19,4.97,0,2007,20.608,84.235,76.596,81.866,47.73,1,0,Undrafted,1,0.2328528788399009,50,55.78512396694215,75.75757575757575
2025,EDGE,DL,Arkansas,SEC,78.0,264,10.0,33.25,83.625,4.68,40.5,28,129.0,7.02,4.97,1,1611,8.19,65.787,60.714,66.155,45.94,0,0,Rounds 2-3,0,0.23217167625727564,50,56.19834710743802,75.75757575757575
2025,WR,Skill,Tennessee,SEC,74.5,209,10.0,32.125,78.5,4.33,42.99,14,123.6,6.65,4.03,0,1915,20.786,83.706,67.16,87.119,52.677,0,0,Undrafted,1,0.23142889091509788,51,56.611570247933884,77.27272727272727
2024,CB,Secondary,Washington St.,Pac-12,69.75,184,9.125,30.25,72.375,4.54,34.5,18,125.0,7.05,4.32,1,1546,3.221,62.169,54.667,62.054,59.872,0,0,Rounds 4-5,0,0.2313839667719937,51,57.02479338842975,77.27272727272727
2025,TE,Skill,South Carolina,SEC,76.125,239,10.125,33.75,83.0,4.65,38.0,33,124.0,7.22,4.4,1,1810,14.834,76.206,60.762,80.864,51.02,0,0,Undrafted,1,0.2288939174885325,52,57.438016528925615,78.78787878787878
2025,EDGE,DL,Brigham Young,Big 12,77.625,271,9.375,33.125,81.0,4.78,34.0,27,120.0,7.21,4.54,1,1717,9.307,74.278,67.062,70.631,58.08,0,0,Undrafted,1,0.22812167667324146,53,57.85123966942148,80.3030303030303
2023,QB,Skill,Houston,AAC,74.5,220,9.375,31.375,75.625,4.64,37.5,20,122.0,6.89,4.25,1,1619,4.061,51.527,62.603,38.496,54.875,0,0,Rounds 4-5,0,0.22751516669033522,53,58.26446280991735,80.3030303030303
2024,LB,LB,Michigan,Big Ten,71.375,233,8.5,32.125,78.0,4.62,34.5,18,119.0,7.26,4.63,0,2210,27.625,94.395,88.226,91.352,54.858,0,0,Rounds 6-7,0,0.22612170436471302,53,58.67768595041323,80.3030303030303
2024,C,OL,Michigan,Big Ten,73.5,298,9.0,33.0,78.25,5.23,29.5,25,101.0,7.33,4.5,1,2210,27.625,94.395,88.226,91.352,54.858,0,0,Undrafted,1,0.22539115565266588,54,59.09090909090909,81.81818181818183
2023,WR,Skill,Liberty,FBS Independent,68.0,179,8.75,30.25,72.5,4.44,39.5,14,134.0,6.92,4.29,1,1413,-3.902,44.748,35.822,54.191,53.85,0,0,Rounds 6-7,0,0.22169758692924568,54,59.50413223140496,81.81818181818183
2023,TE,Skill,Alabama,SEC,76.0,242,9.5,32.375,79.125,4.67,35.5,21,120.0,7.36,4.32,0,2181,27.296,89.526,85.539,81.093,61.676,1,0,Rounds 4-5,0,0.22137227341395949,54,59.917355371900825,81.81818181818183
2024,OT,OL,Howard,MEAC,79.75,353,9.75,35.125,85.5,5.35,27.5,31,105.0,7.5,4.41,1,1743,10.624,67.994,66.593,60.836,53.823,0,0,Undrafted,1,0.22029060436153058,55,60.33057851239669,83.33333333333334
2024,QB,Skill,Michigan,Big Ten,74.5,219,9.0,31.625,75.875,4.81,32.5,17,114.0,6.82,4.23,1,2210,27.625,94.395,88.226,91.352,54.858,0,0,Round 1,0,0.2196453267189622,55,60.74380165289256,83.33333333333334
2023,CB,Secondary,Houston,AAC,72.0,195,9.5,32.0,78.0,4.53,37.5,15,125.0,6.97,4.52,1,1619,4.061,51.527,62.603,38.496,54.875,0,0,Rounds 6-7,0,0.21831503623786785,55,61.15702479338842,83.33333333333334
2024,CB,Secondary,South Carolina,SEC,71.75,190,8.875,32.0,77.625,4.46,40.5,15,129.0,6.94,4.19,1,1594,6.054,55.105,53.866,54.724,48.937,0,0,Rounds 6-7,0,0.21238639791421454,55,61.57024793388429,83.33333333333334
2024,LB,LB,Texas,Big 12,74.375,240,9.5,31.75,74.375,4.62,33.5,18,121.0,7.44,4.44,1,2025,23.196,86.583,76.615,83.977,60.972,1,0,Rounds 6-7,0,0.20924331492648562,55,61.98347107438017,83.33333333333334
2024,LB,LB,Michigan,Big Ten,74.25,238,9.375,32.5,77.5,4.62,34.5,18,119.0,7.4,4.38,0,2210,27.625,94.395,88.226,91.352,54.858,0,0,Rounds 2-3,0,0.2061829155036603,55,62.396694214876035,83.33333333333334
2025,DL,DL,Georgia Tech,ACC,77.5,321,10.25,34.75,85.125,5.14,34.5,11,111.0,6.65,4.03,1,1554,7.402,66.705,72.242,58.501,35.797,0,0,Rounds 6-7,0,0.20510962687251433,55,62.8099173553719,83.33333333333334
2024,WR,Skill,Pittsburgh,ACC,73.0,212,10.125,33.25,79.375,4.43,39.5,19,122.0,6.85,4.1,1,1404,-0.369,43.622,32.282,60.013,38.896,0,0,Rounds 6-7,0,0.20492702666695817,55,63.22314049586777,83.33333333333334
2024,OT,OL,Arizona,Pac-12,77.0,311,10.875,32.875,81.375,5.04,28.0,27,110.0,8.02,4.72,1,1822,11.44,73.172,77.614,56.651,58.122,0,0,Round 1,0,0.20487895740660278,55,63.63636363636363,83.33333333333334
2024,DL,DL,Iowa,Big Ten,77.375,281,10.25,32.25,78.875,5.05,31.5,25,114.0,7.16,4.37,1,1575,6.086,61.244,18.216,86.165,61.239,0,0,Rounds 6-7,0,0.20444764889664235,55,64.0495867768595,83.33333333333334
2023,TE,Skill,Georgia,SEC,78.625,264,11.0,34.375,83.75,4.64,31.0,21,122.0,6.75,4.08,1,2300,29.908,93.511,90.791,87.647,45.406,0,0,Rounds 2-3,0,0.20401519654896194,55,64.46280991735537,83.33333333333334
2024,EDGE,DL,Missouri,SEC,77.125,285,10.625,34.5,84.375,4.95,35.0,21,111.0,7.44,4.84,1,1866,15.277,78.168,79.322,67.958,47.09,0,0,Round 1,0,0.20368097803077456,55,64.87603305785123,83.33333333333334
2023,EDGE,DL,Oregon,Pac-12,76.0,260,9.0,33.25,80.125,4.49,32.0,28,110.0,7.37,4.44,1,1724,14.225,78.17,81.614,63.631,42.699,0,0,Rounds 2-3,0,0.19961053131909146,55,65.28925619834712,83.33333333333334
2024,IOL,OL,South Dakota St.,MVFC,76.25,309,10.0,33.875,81.625,5.08,35.5,31,117.0,7.59,4.45,1,1780,12.286,67.318,67.025,63.252,53.648,0,0,Rounds 4-5,0,0.19887114357247648,55,65.70247933884298,83.33333333333334
2025,EDGE,DL,Baylor,Big 12,75.75,242,9.0,34.25,81.25,5.45,32.5,21,124.0,6.65,4.97,1,1656,9.105,70.789,70.321,56.691,72.021,0,0,Undrafted,1,0.19786088604523955,56,66.11570247933885,84.84848484848484
2025,LB,LB,Rutgers,Big Ten,76.625,239,9.0,34.5,82.375,4.28,43.0,33,123.2,7.59,4.2,0,1533,3.857,55.405,64.09,40.753,58.771,0,0,Undrafted,1,0.1974145395577248,57,66.52892561983471,86.36363636363636
2024,CB,Secondary,Pittsburgh,ACC,70.75,186,8.75,32.875,78.25,4.45,38.5,15,124.0,7.12,4.35,1,1404,-0.369,43.622,32.282,60.013,38.896,0,0,Rounds 6-7,0,0.19659478705401667,57,66.94214876033058,86.36363636363636
2024,S,Secondary,Georgia,SEC,70.5,198,9.0,30.75,73.875,4.47,37.0,17,123.0,7.03,5.04,1,2273,24.777,87.417,88.149,74.455,48.128,1,0,Rounds 2-3,0,0.19387193496778454,57,67.35537190082644,86.36363636363636
2024,EDGE,DL,Washington St.,Pac-12,75.875,264,9.75,32.75,78.75,4.69,33.5,21,114.0,7.07,4.48,1,1546,3.221,62.169,54.667,62.054,59.872,0,0,Rounds 4-5,0,0.19338702424415122,57,67.76859504132231,86.36363636363636
2025,EDGE,DL,Boston College,ACC,74.5,248,9.25,34.0,82.75,4.28,35.5,22,119.0,6.94,4.19,1,1513,4.829,61.35,56.657,64.403,40.228,0,0,Rounds 2-3,0,0.1898095027915192,57,68.18181818181817,86.36363636363636
2023,CB,Secondary,Miami,ACC,72.0,198,9.625,32.625,77.625,4.45,38.5,12,125.0,7.09,4.41,1,1316,-0.466,39.09,36.049,46.919,51.41,0,0,Rounds 2-3,0,0.18869715245248442,57,68.59504132231406,86.36363636363636
2024,TE,Skill,South Carolina,SEC,75.0,240,9.375,34.25,78.75,4.64,32.5,28,121.0,7.09,4.54,1,1594,6.054,55.105,53.866,54.724,48.937,0,0,Undrafted,1,0.18835021516097905,58,69.00826446280992,87.87878787878788
2024,IOL,OL,TCU,Big 12,76.5,313,10.75,34.625,84.0,4.99,34.0,30,114.0,7.58,4.54,1,1631,9.511,59.244,64.411,51.426,45.245,0,0,Rounds 2-3,0,0.18819248382403497,58,69.42148760330579,87.87878787878788
2025,WR,Skill,Arizona,Big 12,76.125,219,10.0,31.5,77.875,4.68,32.15,15,121.5,6.94,4.19,0,1307,-3.385,38.477,43.057,38.791,48.852,0,1,Round 1,0,0.18608104230608724,58,69.83471074380165,87.87878787878788
2024,CB,Secondary,Georgia,SEC,71.5,186,8.875,30.875,73.75,4.52,37.0,15,126.0,6.62,4.12,1,2273,24.777,87.417,88.149,74.455,48.128,1,0,Rounds 2-3,0,0.18534891758233119,58,70.24793388429752,87.87878787878788
2023,CB,Secondary,Penn St.,Big Ten,71.375,203,10.125,31.25,75.75,4.65,32.5,18,119.0,7.03,4.21,1,2000,19.477,82.964,71.335,83.462,50.595,0,0,Rounds 2-3,0,0.18489390846199838,58,70.66115702479338,87.87878787878788
2024,RB,Skill,Ohio St.,Big Ten,68.5,229,9.0,28.625,69.625,4.56,36.0,22,119.0,7.25,4.26,0,2065,27.485,89.569,83.397,86.658,44.2,1,0,Undrafted,1,0.18389282566214804,59,71.07438016528926,89.39393939393939
2023,EDGE,DL,Iowa St.,Big 12,74.5,269,9.25,33.75,82.0,4.68,33.0,20,117.0,7.43,4.52,1,1554,6.28,57.494,40.857,78.383,33.853,0,0,Undrafted,1,0.18176980013039545,60,71.48760330578511,90.9090909090909
2023,CB,Secondary,Stanford,Pac-12,72.0,191,9.75,32.0,76.625,4.52,36.0,15,131.0,6.51,4.27,1,1237,-3.917,38.149,36.614,44.176,50.17,0,0,Rounds 4-5,0,0.1802397685833096,60,71.900826446281,90.9090909090909
2024,IOL,OL,Michigan,Big Ten,76.125,309,10.625,35.0,84.75,5.15,29.5,28,109.0,7.7,4.61,0,2210,27.625,94.395,88.226,91.352,54.858,0,0,Rounds 6-7,0,0.17729561166102104,60,72.31404958677686,90.9090909090909
2024,WR,Skill,USC,Pac-12,74.375,208,9.625,33.0,78.0,4.5,36.5,13,119.0,6.86,4.12,1,1723,13.091,69.753,82.697,42.068,66.367,0,0,Rounds 6-7,0,0.177231953754165,60,72.72727272727273,90.9090909090909
2024,TE,Skill,Washington,Pac-12,75.125,231,9.25,32.875,78.5,4.47,35.0,28,121.0,6.99,4.39,1,1879,17.544,82.666,86.101,64.802,60.593,0,0,Rounds 6-7,0,0.17614227048810116,60,73.14049586776859,90.9090909090909
2025,DL,DL,North Carolina,ACC,76.25,294,10.25,33.25,81.125,4.28,35.5,26,114.0,8.19,4.03,1,1496,2.602,50.555,55.402,46.067,47.749,0,0,Undrafted,1,0.17363726294017146,61,73.55371900826447,92.42424242424242
2025,WR,Skill,Missouri,SEC,72.0,206,8.5,31.25,76.5,4.41,29.17,12,115.9,7.33,4.11,1,1711,12.197,68.028,61.356,72.874,37.108,0,1,Rounds 2-3,0,0.17290877142590033,61,73.96694214876032,92.42424242424242
2023,TE,Skill,Utah,Pac-12,76.0,246,10.25,32.625,78.375,4.67,35.0,21,120.0,7.37,4.3,0,1915,19.146,79.905,74.866,74.068,53.378,0,0,Round 1,0,0.17269003452368004,61,74.3801652892562,92.42424242424242
2024,WR,Skill,Southeast Missouri St.,OVC-Big South,72.75,202,10.125,31.625,76.125,4.44,39.5,19,132.0,6.85,4.12,1,1689,10.257,67.367,64.253,63.204,55.565,0,0,Rounds 6-7,0,0.17078125159273716,61,74.79338842975206,92.42424242424242
2024,LB,LB,North Carolina St.,ACC,75.875,233,9.0,30.5,75.75,4.43,34.5,18,119.0,7.29,4.43,1,1660,6.943,65.952,47.142,75.741,57.991,0,1,Rounds 4-5,0,0.17012141189181318,61,75.20661157024794,92.42424242424242
2024,DL,DL,Duke,ACC,74.375,302,10.25,33.0,79.125,4.99,32.0,27,109.0,7.95,4.75,1,1654,8.778,68.7,63.774,63.667,60.347,0,0,Rounds 2-3,0,0.16811551413943882,61,75.6198347107438,92.42424242424242
2024,CB,Secondary,Michigan,Big Ten,71.125,185,8.875,31.375,75.625,4.39,34.5,13,120.0,6.94,4.35,1,2210,27.625,94.395,88.226,91.352,54.858,0,0,Undrafted,1,0.1680512307726797,62,76.03305785123968,93.93939393939394
2023,WR,Skill,Mississippi,SEC,73.75,220,10.375,32.125,75.75,4.46,39.5,22,129.0,6.96,4.29,1,1634,12.342,68.271,72.487,57.125,45.454,0,0,Rounds 2-3,0,0.16645007701318715,62,76.44628099173553,93.93939393939394
2023,DL,DL,Mississippi St.,SEC,75.0,304,10.0,34.5,82.0,5.1,29.5,24,109.0,7.6,4.79,1,1694,13.237,75.362,59.938,76.598,66.986,0,0,Rounds 4-5,0,0.16067846007762898,62,76.85950413223141,93.93939393939394
2023,OT,OL,Maryland,Big Ten,77.625,306,9.375,33.0,79.125,5.1,31.5,20,113.0,7.6,4.69,1,1645,7.842,61.934,61.039,57.849,51.968,0,0,Rounds 6-7,0,0.15965639539771037,62,77.27272727272727,93.93939393939394
2025,EDGE,DL,Central Arkansas,UAC,72.875,263,9.25,31.875,77.5,4.69,35.0,26,118.0,7.15,4.39,1,1742,12.036,70.585,65.506,67.645,49.236,0,0,Rounds 4-5,0,0.15701903350552893,62,77.68595041322314,93.93939393939394
2024,CB,Secondary,Kentucky,SEC,70.75,190,8.75,31.25,75.0,4.48,42.0,15,135.0,6.95,3.94,1,1641,7.33,63.962,60.477,61.626,52.112,0,0,Rounds 2-3,0,0.15699699292355251,62,78.099173553719,93.93939393939394
2025,LB,LB,Georgia,SEC,73.0,243,10.25,32.0,79.875,4.75,24.5,11,115.3,6.88,4.03,0,1998,22.091,82.861,79.935,73.308,59.572,1,1,Round 1,0,0.15292226831331357,62,78.51239669421489,93.93939393939394
2023,CB,Secondary,Iowa,Big Ten,72.625,193,9.5,30.0,74.125,4.45,39.0,12,127.0,6.68,4.29,1,1748,7.409,67.111,21.369,88.288,70.495,0,0,Rounds 2-3,0,0.1523968427778365,62,78.92561983471074,93.93939393939394
2024,LB,LB,Penn St.,Big Ten,73.375,241,10.25,31.5,77.75,4.58,35.0,18,124.0,7.45,4.74,1,2000,25.618,85.731,66.931,89.424,64.921,1,0,Undrafted,1,0.1520969031337972,63,79.33884297520662,95.45454545454545
2024,TE,Skill,Texas,Big 12,75.875,245,10.125,32.875,78.25,4.69,35.0,28,121.0,7.04,4.32,1,2025,23.196,86.583,76.615,83.977,60.972,1,0,Rounds 4-5,0,0.14982765461261505,63,79.75206611570248,95.45454545454545
2023,CB,Secondary,Iowa,Big Ten,72.0,205,9.25,31.875,77.125,4.62,35.5,18,118.0,6.99,4.17,1,1748,7.409,67.111,21.369,88.288,70.495,0,0,Undrafted,1,0.14978155214047473,64,80.16528925619835,96.96969696969697
2024,S,Secondary,Auburn,SEC,71.625,179,9.875,32.375,76.625,4.45,39.5,13,133.0,7.22,5.94,1,1585,8.916,67.536,49.076,72.965,65.063,0,0,Rounds 6-7,0,0.1492478527434229,64,80.57851239669421,96.96969696969697
2023,CB,Secondary,Utah,Pac-12,69.0,184,9.125,29.125,70.375,4.51,33.0,18,133.0,6.51,4.32,1,1915,19.146,79.905,74.866,74.068,53.378,0,0,Rounds 4-5,0,0.13732953508247014,64,80.99173553719008,96.96969696969697
2025,RB,Skill,Ohio State,Big Ten,70.125,202,9.5,30.625,76.125,4.43,38.5,11,128.0,6.65,4.97,1,2211,24.823,87.333,80.443,83.601,49.523,1,0,Rounds 2-3,0,0.13403218170662567,64,81.40495867768594,96.96969696969697
2025,EDGE,DL,Miami,ACC,76.625,258,10.0,33.125,80.25,4.62,35.5,19,121.0,6.65,4.16,1,1855,17.338,77.097,87.084,52.889,41.286,1,0,Rounds 6-7,0,0.13337330992835317,64,81.81818181818183,96.96969696969697
2024,OT,OL,Central Florida,Big 12,77.75,306,10.125,33.625,80.625,4.95,36.5,29,117.0,7.76,4.75,1,1617,9.736,69.854,75.965,58.387,40.005,0,0,Rounds 6-7,0,0.12964900354447684,64,82.23140495867769,96.96969696969697
2024,S,Secondary,Washington,Pac-12,74.375,215,10.0,33.25,79.875,4.51,39.0,16,122.0,6.83,4.14,1,1879,17.544,82.666,86.101,64.802,60.593,0,0,Rounds 6-7,0,0.1274189043742714,64,82.64462809917356,96.96969696969697
2024,LB,LB,Washington,Pac-12,72.5,236,9.25,32.875,79.625,4.56,39.5,18,128.0,7.32,5.27,1,1879,17.544,82.666,86.101,64.802,60.593,0,0,Rounds 4-5,0,0.1266391602012129,64,83.05785123966942,96.96969696969697
2024,OT,OL,Notre Dame,FBS Independent,77.75,310,10.0,34.375,83.0,5.2,28.0,28,114.0,7.76,4.73,1,2077,20.776,83.947,78.304,77.941,57.082,1,0,Rounds 2-3,0,0.1206883620767164,64,83.47107438016529,96.96969696969697
2023,EDGE,DL,Nebraska,Big Ten,76.75,250,10.75,35.25,83.375,4.74,33.5,21,118.0,7.18,4.38,1,1532,-0.651,40.694,43.713,40.707,51.926,0,0,Rounds 6-7,0,0.12059391884909743,64,83.88429752066115,96.96969696969697
2023,OT,OL,Georgia,SEC,77.375,311,10.625,34.75,82.75,4.97,30.0,20,108.0,7.6,4.69,1,2300,29.908,93.511,90.791,87.647,45.406,0,0,Round 1,0,0.11991072347707932,64,84.29752066115702,96.96969696969697
2024,DL,DL,Ohio St.,Big Ten,74.75,290,10.0,33.5,81.125,4.97,31.0,27,111.0,7.65,4.61,0,2065,27.485,89.569,83.397,86.658,44.2,1,0,Rounds 2-3,0,0.1144804188601607,64,84.71074380165288,96.96969696969697
2025,CB,Secondary,Colorado,Big 12,72.375,188,9.125,31.375,76.875,4.43,43.0,12,105.0,8.19,4.94,0,1701,12.691,74.938,72.644,69.84,45.06,0,1,Round 1,0,0.10922167917201697,64,85.12396694214877,96.96969696969697
2023,EDGE,DL,Georgia,SEC,75.75,247,10.125,34.625,82.25,4.48,30.0,23,123.0,7.35,4.45,1,2300,29.908,93.511,90.791,87.647,45.406,0,0,Rounds 6-7,0,0.1035945152645752,64,85.53719008264463,96.96969696969697
2025,DL,DL,Kentucky,SEC,79.375,331,10.5,34.25,84.125,5.45,25.0,33,104.0,6.65,4.03,1,1498,4.707,54.684,41.39,62.472,62.769,0,1,Rounds 4-5,0,0.10344570013827736,64,85.9504132231405,96.96969696969697
2023,DL,DL,Texas,Big 12,74.625,292,10.375,34.5,83.375,5.04,33.0,29,112.0,7.53,4.75,1,1900,19.379,79.1,73.758,70.57,66.449,1,0,Rounds 6-7,0,0.10254660390711356,64,86.36363636363636,96.96969696969697
2024,WR,Skill,Texas,Big 12,73.25,205,9.0,32.375,77.625,4.34,39.5,19,136.0,6.84,4.11,1,2025,23.196,86.583,76.615,83.977,60.972,1,0,Rounds 2-3,0,0.10155398487174594,64,86.77685950413223,96.96969696969697
2024,OT,OL,Georgia,SEC,79.75,340,11.25,36.125,86.75,5.07,25.5,30,111.0,7.46,4.41,1,2273,24.777,87.417,88.149,74.455,48.128,1,0,Round 1,0,0.09996362807385906,64,87.19008264462809,96.96969696969697
2024,CB,Secondary,Notre Dame,FBS Independent,75.0,202,9.375,33.0,78.875,4.5,39.5,11,130.0,7.12,4.24,1,2077,20.776,83.947,78.304,77.941,57.082,1,0,Rounds 4-5,0,0.09523635827627619,64,87.60330578512396,96.96969696969697
2024,RB,Skill,Notre Dame,FBS Independent,71.375,221,10.25,32.375,76.5,4.71,38.0,23,125.0,7.0,4.25,1,2077,20.776,83.947,78.304,77.941,57.082,1,0,Rounds 4-5,0,0.092109234031991,64,88.01652892561982,96.96969696969697
2025,EDGE,DL,South Carolina,SEC,76.0,254,9.625,34.0,81.5,4.73,30.43,23,138.0,6.65,4.97,1,1810,14.834,76.206,60.762,80.864,51.02,0,0,Rounds 4-5,0,0.08891153214473624,64,88.42975206611571,96.96969696969697
2025,EDGE,DL,Texas A&M,SEC,74.75,257,10.0,33.0,80.875,4.28,35.8,15,93.0,6.65,4.03,0,1762,14.297,76.763,68.737,71.579,64.836,1,1,Rounds 2-3,0,0.07203708207172776,64,88.84297520661157,96.96969696969697
2023,CB,Secondary,Michigan,Big Ten,71.25,178,9.625,30.75,73.375,4.26,38.5,12,131.0,6.51,4.28,1,2124,23.62,85.085,79.485,79.2,57.128,1,0,Rounds 2-3,0,0.0711857133863868,64,89.25619834710744,96.96969696969697
2024,S,Secondary,Texas Tech,Big 12,74.375,216,9.125,33.375,79.125,4.51,41.0,24,146.0,6.81,4.04,1,1562,6.237,62.556,51.102,66.311,59.243,0,0,Undrafted,1,0.06656484151300135,65,89.6694214876033,98.48484848484848
2025,DL,DL,Alabama,SEC,76.375,302,10.375,33.0,81.625,4.28,24.5,33,138.0,6.65,4.6,0,1986,23.933,85.057,77.281,79.955,59.628,1,0,Rounds 6-7,0,0.06577608466589879,65,90.08264462809917,98.48484848484848
2024,EDGE,DL,Penn St.,Big Ten,76.375,247,9.625,33.875,81.0,4.74,34.5,23,123.0,7.42,4.6,1,2000,25.618,85.731,66.931,89.424,64.921,1,0,Rounds 2-3,0,0.06524117819048925,65,90.49586776859503,98.48484848484848
2025,WR,Skill,Ole Miss,SEC,74.375,205,9.5,31.75,78.25,4.54,38.5,15,125.0,6.93,4.05,1,2007,20.608,84.235,76.596,81.866,47.73,1,1,Rounds 2-3,0,0.06132496030999812,65,90.9090909090909,98.48484848484848
2024,S,Secondary,Minnesota,Big Ten,73.25,199,9.0,32.0,77.5,4.52,37.0,14,124.0,7.01,4.98,0,1488,-0.564,45.156,45.237,46.429,51.196,0,1,Rounds 2-3,0,0.06045768851479516,65,91.32231404958677,98.48484848484848
2025,RB,Skill,Miami,ACC,71.625,217,9.5,30.5,75.25,4.51,35.0,33,124.0,6.95,4.97,1,1855,17.338,77.097,87.084,52.889,41.286,1,1,Rounds 6-7,0,0.060179583926003866,65,91.73553719008265,98.48484848484848
2023,LB,LB,Cincinnati,AAC,70.5,231,9.5,30.25,72.0,4.55,33.5,22,119.0,7.44,4.41,0,1690,6.451,60.989,44.607,64.989,69.829,0,1,Undrafted,1,0.05728303255708689,66,92.14876033057851,100.0
2024,OT,OL,Penn St.,Big Ten,76.875,314,10.75,34.0,82.625,5.15,31.0,30,116.0,7.92,4.64,1,2000,25.618,85.731,66.931,89.424,64.921,1,0,Rounds 2-3,0,0.05581040047970387,66,92.56198347107438,100.0
2025,OT,OL,Texas,SEC,77.125,315,10.375,33.5,84.375,5.16,32.0,14,104.0,7.81,4.66,1,2042,26.107,88.25,73.85,92.32,35.538,0,1,Round 1,0,0.055628642150295615,66,92.97520661157024,100.0
2025,IOL,OL,Ohio State,Big Ten,75.625,315,9.75,33.5,83.75,4.28,24.5,11,102.1,6.65,4.03,0,2211,24.823,87.333,80.443,83.601,49.523,1,1,Round 1,0,0.054907975290402145,66,93.38842975206612,100.0
2025,EDGE,DL,Alabama,SEC,76.25,243,9.5,33.5,80.125,5.05,43.0,23,138.0,8.19,4.97,0,1986,23.933,85.057,77.281,79.955,59.628,1,0,Rounds 4-5,0,0.04747231381553807,66,93.80165289256198,100.0
2023,CB,Secondary,Alabama,SEC,71.625,190,9.5,30.75,78.125,4.58,34.5,14,125.0,6.51,4.3,1,2181,27.296,89.526,85.539,81.093,61.676,1,1,Rounds 2-3,0,0.046670137814749046,66,94.21487603305785,100.0
2025,DL,DL,Texas A&M,SEC,75.125,290,10.25,33.5,81.125,5.45,43.0,33,138.0,6.65,4.97,0,1762,14.297,76.763,68.737,71.579,64.836,1,0,Rounds 2-3,0,0.0455329582444336,66,94.62809917355372,100.0
2024,WR,Skill,Florida St.,ACC,75.25,213,9.375,32.125,78.125,4.61,38.0,15,127.0,6.84,4.1,1,1789,19.915,83.68,70.051,84.429,58.266,0,1,Rounds 2-3,0,0.04294727741998661,66,95.0413223140496,100.0
2024,QB,Skill,Washington,Pac-12,74.25,216,10.5,33.625,81.0,4.79,32.5,17,112.0,7.04,4.26,0,1879,17.544,82.666,86.101,64.802,60.593,0,1,Round 1,0,0.03922302182791637,66,95.45454545454545,100.0
2023,DL,DL,Georgia,SEC,75.0,314,10.25,33.5,81.0,5.13,29.0,25,106.0,7.65,4.82,0,2300,29.908,93.511,90.791,87.647,45.406,0,1,Round 1,0,0.033546428041113296,66,95.86776859504133,100.0
2024,DL,DL,Texas,Big 12,76.5,366,10.125,33.25,81.25,5.27,26.0,27,98.0,8.74,5.46,1,2025,23.196,86.583,76.615,83.977,60.972,1,1,Rounds 2-3,0,0.030679849587724184,66,96.28099173553719,100.0
2023,EDGE,DL,Clemson,ACC,77.0,268,8.5,33.75,81.25,4.62,32.0,25,117.0,7.36,4.44,1,1843,17.553,74.958,64.744,77.07,48.641,0,1,Round 1,0,0.029746481983980444,66,96.69421487603306,100.0
2023,LB,LB,Iowa,Big Ten,76.625,249,10.25,31.875,78.25,4.65,37.5,29,128.0,6.74,4.24,1,1748,7.409,67.111,21.369,88.288,70.495,0,1,Round 1,0,0.027655570183459766,66,97.10743801652893,100.0
2024,OT,OL,Oregon St.,Pac-12,77.75,324,10.125,33.125,80.625,5.13,32.0,30,111.0,7.81,4.63,1,1722,13.996,79.392,79.074,67.781,54.727,0,1,Round 1,0,0.027126093626153702,66,97.52066115702479,100.0
2023,RB,Skill,Texas,Big 12,71.0,215,9.75,31.125,74.75,4.46,37.0,20,124.0,6.77,4.26,1,1900,19.379,79.1,73.758,70.57,66.449,1,1,Round 1,0,0.02702139043699936,66,97.93388429752066,100.0
2025,WR,Skill,Ohio State,Big Ten,72.875,202,9.5,31.5,76.625,4.54,37.82,11,125.3,7.41,4.55,0,2211,24.823,87.333,80.443,83.601,49.523,1,1,Round 1,0,0.02645038365598462,66,98.34710743801654,100.0
2025,QB,Skill,Miami,ACC,73.625,219,9.0,30.5,75.75,4.28,43.0,22,138.0,8.19,4.97,0,1855,17.338,77.097,87.084,52.889,41.286,1,1,Round 1,0,0.018265432937042525,66,98.7603305785124,100.0
2023,CB,Secondary,Oregon,Pac-12,73.375,197,9.5,32.0,76.875,4.38,41.5,14,133.0,6.89,4.26,1,1724,14.225,78.17,81.614,63.631,42.699,0,1,Round 1,0,0.013913256350578385,66,99.17355371900827,100.0
2024,EDGE,DL,Alabama,SEC,74.75,247,9.875,34.375,83.0,4.46,40.5,23,127.0,7.39,4.31,1,2032,24.925,84.968,76.211,80.844,61.941,0,1,Round 1,0,0.006590408922051205,66,99.58677685950413,100.0
2025,RB,Skill,Rutgers,Big Ten,68.25,211,9.0,38.625,72.0,4.6,34.5,11,115.7,7.58,4.97,1,1533,3.857,55.405,64.09,40.753,58.771,0,0,Rounds 6-7,0,0.005580160376358334,66,100.0,100.0
